name: ImpedanceAnalyzerManuscript
channels:
- defaults
dependencies:
- bleach=2.0.0=py36h0a7e3d6_0
- ca-certificates=2017.08.26=h94faf87_0
- certifi=2017.7.27.1=py36h043bc9e_0
- colorama=0.3.9=py36h029ae33_0
- cycler=0.10.0=py36h009560c_0
- decorator=4.1.2=py36he63a57b_0
- entrypoints=0.2.3=py36hfd66bb0_2
- freetype=2.8=vc14h17c9bdf_0
- html5lib=0.999999999=py36ha09b1f3_0
- icc_rt=2017.0.4=h97af966_0
- icu=58.2=vc14hc45fdbb_0
- intel-openmp=2018.0.0=hcd89f80_7
- ipykernel=4.6.1=py36hbb77b34_0
- ipython=6.1.0=py36h236ecc8_1
- ipython_genutils=0.2.0=py36h3c5d0ee_0
- ipywidgets=7.0.0=py36h2e74ada_0
- jedi=0.10.2=py36hed927a0_0
- jinja2=2.9.6=py36h10aa3a0_1
- jpeg=9b=vc14h4d7706e_1
- jsonschema=2.6.0=py36h7636477_0
- jupyter=1.0.0=py36h422fd7e_2
- jupyter_client=5.1.0=py36h9902a9a_0
- jupyter_console=5.2.0=py36h6d89b47_1
- jupyter_core=4.3.0=py36h511e818_0
- libpng=1.6.32=vc14h5163883_3
- markupsafe=1.0=py36h0e26971_1
- matplotlib=2.1.0=py36h11b4b9c_0
- mistune=0.7.4=py36h4874169_0
- mkl=2018.0.0=h36b65af_4
- nbconvert=5.3.1=py36h8dc0fde_0
- nbformat=4.4.0=py36h3a5bc1b_0
- notebook=5.0.0=py36hd9fbf6f_2
- numpy=1.13.3=py36ha320f96_0
- openssl=1.0.2l=vc14hf4c37d5_5
- pandas=0.20.3=py36hce827b7_2
- pandoc=1.19.2.1=hb2460c7_1
- pandocfilters=1.4.2=py36h3ef6317_1
- pickleshare=0.7.4=py36h9de030f_0
- pip=9.0.1=py36h226ae91_4
- prompt_toolkit=1.0.15=py36h60b8f86_0
- pygments=2.2.0=py36hb010967_0
- pyparsing=2.2.0=py36h785a196_1
- pyqt=5.6.0=py36hb5ed885_5
- python=3.6.3=h210ce5f_2
- python-dateutil=2.6.1=py36h509ddcb_1
- pytz=2017.2=py36h05d413f_1
- pyzmq=16.0.2=py36h38c27d9_2
- qt=5.6.2=vc14h6f8c307_12
- qtconsole=4.3.1=py36h99a29a9_0
- scipy=0.19.1=py36h7565378_3
- setuptools=36.5.0=py36h65f9e6e_0
- simplegeneric=0.8.1=py36heab741f_0
- sip=4.18.1=py36h9c25514_2
- six=1.11.0=py36h4db2310_1
- sqlite=3.20.1=vc14h7ce8c62_1
- testpath=0.3.1=py36h2698cfe_0
- tornado=4.5.2=py36h57f6048_0
- traitlets=4.3.2=py36h096827d_0
- vc=14=h2379b0c_2
- vs2015_runtime=14.0.25123=hd4c4e62_2
- wcwidth=0.1.7=py36h3d5aa90_0
- webencodings=0.5.1=py36h67c50ae_1
- wheel=0.29.0=py36h6ce6cde_1
- widgetsnbextension=3.0.2=py36h364476f_1
- wincertstore=0.2=py36h7fe50ca_0
- zlib=1.2.11=vc14h1cdd9ab_1
- pip:
  - ipython-genutils==0.2.0
  - jupyter-client==5.1.0
  - jupyter-console==5.2.0
  - jupyter-core==4.3.0
  - prompt-toolkit==1.0.15
  - salib==1.1.2
